-5.19
56.03
-83.35
8.41
-104.49
65.47
36.64
-62.44
37.54
-31.55
-72.37
7.90
-60.34
-80.74
-80.70
-5.67
-46.39
-36.94
-33.58
-35.66
35.70
31.88
91.47
-4.93
33.44
-47.17
44.01
9.93
-21.33
-5.50
-2.78
16.60
-43.28
25.12
60.02
8.61
-30.07
-20.18
-54.55
-20.07
-1.46
-4.77
-117.54
-59.54
42.65
19.23
27.16
-2.15
7.92
-2.93
1.71
-42.16
43.62
-93.57
0.81
67.52
48.10
-50.65
-104.27
-5.15
-99.79
-48.80
5.43
-70.93
-3.44
-40.29
-127.92
-10.67
-30.16
68.81
42.89
-9.38
-103.51
-36.99
2.33
48.91
-26.78
64.95
5.40
-54.00
-83.24
-20.24
-65.77
-4.46
15.67
-74.19
54.78
-18.28
43.77
-24.00
20.66
-68.23
93.28
-80.46
1.13
13.51
-47.09
44.50
17.73
-3.81
4.61
5.28
-116.37
-19.37
92.78
-56.20
-81.86
-38.42
-35.51
10.46
39.05
2.43
18.24
18.98
21.20
5.32
-8.12
-15.19
-44.61
4.09
10.58
20.71
-23.40
136.95
22.06
28.81
44.87
81.60
-125.65
29.27
46.48
-8.46
9.74
65.65
-48.99
-28.60
-33.05
49.70
-41.98
-8.93
36.81
63.86
-39.82
24.81
67.93
18.93
-30.98
-87.95
126.15
-14.94
24.38
4.09
-81.16
35.38
-92.18
-28.87
-42.98
-18.86
-33.58
-66.29
-20.09
100.63
-30.61
63.86
24.48
79.55
37.82
-131.78
0.42
-91.04
56.95
-42.05
49.06
-26.19
-75.53
-58.42
-2.42
40.95
-116.78
55.27
-23.37
28.39
126.23
-2.01
-13.53
57.43
-12.68
31.87
-39.82
53.31
2.02
18.48
-5.92
21.66
-39.73
16.03
36.81
53.25
-7.84
-23.93
-58.09
57.04
-26.06
68.20
3.45
11.93
50.25
33.77
3.94
22.77
10.31
-46.06
-26.88
-9.17
-29.91
29.45
37.90
25.94
-27.26
70.48
-49.17
15.27
26.23
58.13
-63.42
36.96
-25.41
-0.73
50.22
-14.86
95.72
-111.72
-2.44
81.30
-35.87
-10.97
-35.14
-101.61
-67.00
-31.83
93.81
-17.47
71.68
-9.53
-14.96
-1.76
-21.50
-38.77
59.95
7.10
-14.76
-53.67
46.36
46.98
53.09
2.61
21.89
-60.52
-14.26
2.85
1.11
-18.18
-14.16
-6.31
-110.46
49.60
-10.27
-5.91
79.72
46.32
42.44
32.48
31.68
-88.05
-34.15
62.57
2.93
40.91
-29.57
-28.08
-38.14
47.97
-38.72
-61.07
47.52
4.96
-8.87
-36.18
-24.44
-32.16
-49.29
32.84
9.92
22.71
14.61
144.01
30.96
5.51
-29.49
29.84
9.94
49.51
5.71
-19.57
89.28
19.44
37.83
85.37
-74.50
-26.94
46.38
-55.24
-4.04
-79.62
55.28
-75.87
94.95
4.51
89.58
-13.25
39.06
67.55
68.87
62.09
-99.66
-33.40
-31.62
29.45
-40.54
-13.24
73.90
-11.56
39.11
-18.07
-16.30
-5.16
-16.41
-65.20
-30.12
24.33
54.22
119.83
-55.63
-10.37
-23.45
81.51
38.15
18.26
35.48
-20.64
-43.83
40.06
-22.32
13.83
41.08
41.92
-8.86
-144.85
-2.39
22.93
9.69
-49.53
-57.10
-86.73
-44.28
40.43
33.34
-129.10
76.22
14.15
-1.32
-66.58
32.11
70.05
91.12
-16.66
-40.26
-19.67
12.02
-22.37
49.54
-83.76
-22.40
-16.35
-37.36
40.86
109.01
17.71
-16.85
-39.07
-15.44
-17.89
-10.51
-2.13
-46.90
-32.05
11.94
-19.64
34.48
65.54
-30.24
-25.10
18.68
-31.89
55.15
119.11
-31.56
-19.88
-42.31
85.69
24.67
47.51
-48.00
-5.09
-67.44
-46.00
62.37
-60.93
48.76
18.09
-5.17
-11.55
96.13
12.61
73.23
9.46
54.80
-69.96
-59.27
-11.40
-12.43
-25.14
-30.58
-63.33
-33.66
-46.52
12.07
-84.40
-14.66
45.45
-110.28
-71.77
13.07
-14.60
2.38
-10.13
41.31
2.64
72.08
-32.70
9.59
84.60
-24.05
-37.12
92.63
-94.43
-31.91
-57.17
28.15
-1.61
3.48
42.14
32.97
-73.10
83.75
-161.85
-9.17
-73.60
-48.42
-10.05
-28.86
-21.75
148.85
-59.32
60.36
-33.33
9.68
16.27
47.65
-9.63
-46.15
55.81
9.65
18.15
-72.54
83.83
-1.81
-44.85
-124.11
41.99
66.72
-69.28
-37.12
-10.57
-42.44
-56.14
14.83
137.64
142.65
-33.18
27.35
26.15
23.57
-93.78
5.05
-39.85
114.49
-31.99
108.14
-36.92
-17.44
47.44
-54.08
57.97
15.49
-39.48
35.89
-0.88
-9.71
7.01
70.22
25.96
-59.47
50.74
-28.67
-1.49
132.72
18.44
-23.97
-37.06
60.08
-36.51
44.43
51.67
-37.15
52.33
-41.42
-4.65
50.71
-38.53
-17.96
-4.36
99.06
-55.13
-27.66
-103.09
76.50
71.10
-116.47
67.61
9.52
72.68
6.47
27.63
-28.76
39.14
-19.19
-8.25
-25.98
33.51
-35.66
21.21
-148.60
-45.10
-42.93
-53.57
24.07
-83.57
-70.07
-62.76
22.58
-48.33
-41.83
-43.34
20.07
17.29
-42.56
-11.26
76.91
-95.38
-51.54
-8.63
50.33
61.45
14.52
-9.62
-21.13
80.36
12.65
29.06
52.02
-53.90
-7.62
3.77
-37.32
-26.42
-12.71
61.26
-47.85
-15.94
-9.49
-61.38
-10.22
39.50
23.05
12.89
-62.00
-104.76
1.94
45.44
-93.98
80.42
-49.33
22.00
61.15
-3.66
10.49
-8.76
-19.13
1.68
37.04
-18.42
34.28
-43.94
95.54
74.45
64.14
28.21
-14.83
-89.13
5.19
20.50
21.24
-58.73
3.27
-33.55
-11.94
38.27
3.68
-62.95
-49.01
28.89
6.43
21.13
32.56
-34.21
-6.09
-15.86
-76.18
107.53
3.14
-7.49
11.50
-6.98
24.41
31.24
-117.96
20.38
-16.06
-84.24
1.65
36.17
-3.31
-25.78
-58.85
7.91
-25.42
107.30
33.85
37.52
-16.94
-28.43
10.70
-2.08
9.25
46.30
1.59
7.46
-41.25
-13.32
53.36
112.86
53.45
65.88
0.20
31.89
24.80
123.06
-6.03
21.77
-64.92
-10.04
52.15
-20.43
-0.40
3.63
-22.37
77.30
-71.06
49.52
3.48
-31.30
-30.12
20.42
-75.25
-43.89
28.42
31.64
12.54
-5.64
2.31
81.67
22.42
30.19
6.42
36.52
-47.47
12.45
60.85
-111.27
-99.87
-2.85
-4.53
14.32
17.22
25.82
22.01
95.07
-12.97
100.74
3.07
16.49
-74.44
-11.81
39.82
-37.84
-29.39
-11.80
-15.78
-52.01
-16.89
121.41
30.45
-50.20
52.44
45.39
-57.28
-6.66
42.24
8.18
14.28
-27.55
-35.28
112.99
-34.19
49.33
17.51
67.40
-9.12
1.63
45.55
-13.93
64.49
-20.29
-84.63
0.52
-28.23
-36.98
25.28
79.46
13.59
18.32
-50.27
3.15
-20.29
39.78
47.63
9.67
97.99
-32.46
51.35
-18.95
-45.04
35.31
50.17
50.37
37.75
12.26
22.45
11.63
6.44
64.39
61.04
52.78
44.61
-33.54
-60.83
83.38
-9.79
10.88
18.40
-40.82
12.49
-4.98
-30.35
6.88
-49.07
-19.19
-59.50
-131.91
-10.69
6.38
24.37
75.58
40.72
32.70
54.21
22.92
45.42
2.41
-26.24
-55.31
9.87
31.49
54.24
-31.85
132.84
26.71
-40.80
-59.13
-83.71
2.74
-86.31
-30.95
-44.51
-6.40
97.69
-31.75
38.54
-16.72
34.01
39.19
-33.53
91.76
-24.57
25.47
-75.79
70.48
-60.09
23.87
47.85
74.87
-61.50
-34.05
-21.24
-4.48
40.15
75.97
87.36
-87.01
17.37
-21.79
-35.27
30.94
25.42
42.74
-10.85
-17.06
-15.53
30.39
49.08
33.46
-23.08
-56.08
33.08
-6.73
-80.44
-48.66
-66.19
-35.06
-83.85
59.66
56.16
-36.39
40.77
-67.16
15.29
-44.42
32.01
6.64
-11.59
44.09
-3.26
-5.62
-37.48
4.74
-35.77
64.72
48.67
-68.91
-6.89
2.11
8.49
-52.21
31.79
-41.53
-85.63
3.67
75.51
16.86
3.50
-58.73
50.19
-30.88
27.20
15.02
40.74
-61.97
16.97
110.19
-3.31
15.99
35.57
69.20
-54.88
78.98
-35.69
71.75
3.74
7.59
-37.79
44.42
2.06
33.99
-3.74
-52.17
21.15
11.47
30.83
25.49
0.84
-22.52
0.52
43.68
-40.36
41.92
-44.89
-92.13
5.92
6.32
-17.78
-52.13
11.99
-70.85
-15.41
19.26
62.09
-42.35
53.46
-25.82
-67.72
-10.06
-72.35
26.59
-57.55
-20.29
34.43
-4.26
-39.60
0.38
-34.41
-30.84
24.10
-5.88
35.14
-29.10
-65.21
-23.10
63.40
-41.40
61.55
11.06
73.54
58.74
2.85
-60.49
-13.69
30.44
33.22
-25.14
-62.27
71.15
13.17
19.05
0.18
-19.01
-8.41
-0.37
15.98
11.48
67.32
61.85
68.29
-50.22
24.96
-19.33
47.35
-6.74
-54.74
57.69
-70.37
-36.89
0.47
70.13
-39.35
40.15
38.99
24.09
18.18
89.55
-105.95
14.06
-10.49
68.91
-72.12
-3.87
-43.02
-42.61
38.45
30.84
-0.60
-97.81
-51.30
9.81
-82.30
-31.34
35.12
11.29
4.11
61.64
9.62
62.42
11.48
92.04
-18.46
8.77
-57.52
-55.58
26.41
-1.58
-3.73
-15.33
59.88
-14.28
123.27
18.20
-8.12
-33.38
48.34
13.07
-28.42
10.21
49.50
-58.14
-12.65
11.51
84.24
95.39
15.84
-39.67
-62.24
50.73
-141.43
96.27
58.89
48.23
18.01
-25.70
90.19
14.45
-11.32
-87.28
-51.67
-33.62
53.20
25.44
105.27
26.47
-74.98
43.89
-25.23
6.18
-27.31
38.74
32.90
-84.86
19.95
32.02
-37.92
6.41
-39.02
22.19
-33.61
-40.40
78.68
23.57
-32.82
-26.33
-44.97
45.28
0.05
5.93
-8.40
69.67
13.62
-4.22
-16.28
-24.12
5.56
33.25
-28.98
69.66
-9.01
8.24
56.01
10.05
-32.69
-107.11
-14.26
88.58
-77.57
-4.05
-25.07
-23.91
-8.29
-29.61
71.42
-34.61
-30.32
62.16
53.41
39.95
-22.25
13.08
-116.04
-31.65
23.68
-66.45
14.61
-13.80
-34.51
-17.38
-26.48
36.35
-58.29
24.17
51.67
-8.65
-8.03
-86.16
-3.86
-86.39
-104.58
-60.63
1.89
40.21
20.70
-64.93
42.06
-12.24
51.97
40.91
-22.97
-50.23
-12.99
56.25
13.16
24.78
-32.91
-1.20
-56.91
-74.47
-1.53
-13.09
17.04
7.92
-16.91
8.25
3.88
32.24
-12.53
-63.51
10.76
-52.92
16.11
68.90
-57.37
-48.89
17.75
12.08
-61.20
-39.79
44.38
34.38
20.12
-4.87
29.58
-30.72
-73.81
-12.52
-35.26
-75.78
-18.26
29.46
19.18
41.42
104.05
-112.48
34.86
-26.73
7.84
18.72
4.81
40.13
33.48
-124.53
16.76
-39.01
74.34
54.92
-29.21
-24.69
13.77
54.44
-17.56
-104.24
-32.92
30.21
-3.48
29.36
33.66
29.82
3.81
-4.79
-27.71
68.26
40.06
-11.30
22.04
-48.81
-32.22
7.85
39.46
-115.30
13.83
-2.28
-15.00
88.40
19.08
-24.94
-8.11
-47.75
-18.88
-61.39
15.83
5.18
35.08
-26.79
27.33
-42.97
36.98
-21.82
-56.86
50.27
83.43
36.32
54.71
-40.22
-7.82
50.65
-0.04
7.58
44.97
16.68
5.66
132.87
-93.07
-13.95
-24.20
-5.56
-40.17
-81.76
48.39
44.90
-55.78
70.99
-48.04
37.62
69.23
122.77
-8.21
16.38
-36.35
-60.18
-11.75
3.83
-16.26
59.47
0.97
68.94
-61.68
-4.51
0.67
86.86
32.38
17.91
-15.19
-8.70
37.69
45.74
46.51
-37.85
-66.56
-77.38
-81.15
-15.87
-31.30
22.31
-101.69
-100.48
-17.05
51.19
0.27
6.65
28.26
33.58
19.80
88.07
-59.56
1.54
-29.64
-69.61
31.66
22.47
-9.57
31.44
-34.50
38.34
18.81
-6.78
101.16
16.53
-73.70
-41.41
5.90
17.99
55.04
-16.40
80.28
-41.66
5.38
-0.18
-5.08
-123.59
12.11
58.64
-100.51
-17.60
-49.14
-51.82
16.39
-63.00
-78.47
77.99
-34.19
46.88
-45.71
-117.81
-16.40
-44.94
84.94
91.65
-60.89
-59.71
33.77
96.31
3.06
66.55
-60.02
-45.15
19.70
-12.46
32.59
-44.19
-14.07
-7.23
80.57
-14.54
-28.21
23.00
-52.82
15.67
5.28
-15.18
46.73
21.51
49.28
10.63
-7.67
72.10
25.20
48.04
22.44
-60.36
-46.31
-27.36
79.81
-86.59
0.56
82.62
-98.16
30.12
-8.59
-67.54
-42.72
4.96
21.45
64.73
-16.30
-64.97
47.09
4.54
-67.83
-40.33
28.23
-10.18
-25.10
3.80
70.84
-47.94
-14.50
56.85
-49.54
37.75
91.12
-30.99
46.41
-23.12
68.58
40.36
-76.75
-8.36
-46.55
-77.44
-39.75
24.38
-25.73
-31.65
-21.85
82.54
-27.73
-71.23
31.74
-52.23
19.26
-31.78
-5.19
-33.89
-57.14
-18.04
2.07
74.18
-17.39
-102.81
110.00
-24.51
-66.62
-20.72
-36.18
-29.54
-11.50
-30.06
-34.49
46.02
-58.92
-20.09
-12.20
34.22
-37.52
48.20
-16.57
34.83
54.96
48.17
-19.85
65.55
27.12
-66.62
45.02
-8.99
56.08
-41.08
15.37
6.49
-145.71
-38.67
-8.48
-42.40
0.11
-14.99
8.66
-22.47
23.91
40.25
-45.11
68.61
15.50
38.58
21.32
2.63
22.79
-40.51
-8.85
44.12
60.85
39.49
-57.55
-55.06
40.23
52.44
-20.03
113.28
3.89
-38.66
0.20
68.15
-93.84
-17.98
-44.93
-27.86
-63.48
62.10
14.32
41.82
-56.90
36.17
5.27
-38.38
-42.72
-123.46
-34.62
14.41
21.79
-31.11
48.77
6.52
-54.91
25.83
-21.08
-14.85
-27.68
-2.77
-48.00
-35.22
6.75
16.29
69.34
-43.47
0.01
86.83
2.19
54.49
15.27
-87.07
78.87
-103.21
-28.38
-42.48
15.07
-43.67
53.10
-90.07
64.18
-28.26
3.62
50.58
-10.29
40.36
40.53
-14.15
-66.50
36.02
-53.40
-70.42
-39.86
-84.23
-58.03
56.65
23.65
-51.69
-27.77
60.94
2.78
-92.55
9.84
22.19
22.33
-10.39
48.63
-36.16
60.74
-50.91
72.99
19.29
-49.10
45.35
-68.12
35.54
120.39
17.37
33.96
7.70
4.63
11.31
-36.60
44.10
10.58
-41.78
46.80
-45.21
-50.46
24.98
-48.55
84.56
-35.66
-53.86
12.82
24.92
12.48
53.52
86.83
-10.54
-36.46
1.35
17.24
-87.14
-53.87
64.97
8.30
83.24
72.43
-0.53
-30.02
6.06
-19.28
-13.87
-88.62
-59.31
-47.53
-30.93
-31.20
71.15
-1.64
45.25
97.75
-53.03
-0.43
-16.35
38.49
-10.85
-23.38
4.72
-15.48
-58.65
19.37
65.37
-43.16
-16.62
11.99
6.68
-36.36
53.18
95.82
73.90
83.05
34.03
14.99
12.81
-29.65
38.64
30.27
42.19
-49.59
30.62
28.01
23.69
-3.71
-15.81
13.69
17.33
-3.87
14.55
71.65
34.26
-8.20
41.33
-51.76
34.65
-33.95
6.40
-10.30
-33.20
-26.55
-54.27
-57.09
-0.64
2.54
70.08
18.37
29.43
-101.91
51.63
-64.65
65.59
-33.62
32.95
41.60
-18.41
-18.30
57.86
41.97
-42.96
-42.37
51.66
-9.98
-35.28
-85.04
-59.29
-31.22
-47.95
-15.94
92.27
6.00
38.60
-11.16
-47.79
-36.63
7.64
-25.57
66.93
94.03
-33.00
-63.40
-16.95
-8.70
-1.51
13.54
-14.15
48.33
-48.65
-10.30
-147.65
-79.40
-72.55
19.81
1.93
-35.16
-4.06
115.54
54.75
-35.40
38.65
-52.21
20.37
-48.60
-50.24
57.44
36.84
-33.88
-27.95
-37.93
-81.34
73.14
44.25
-65.53
-66.60
-3.28
27.79
-44.13
-5.65
-48.11
0.29
-141.31
46.40
-25.44
54.74
21.56
34.45
27.48
39.64
-15.94
-85.77
-6.58
-30.09
37.27
16.29
64.05
36.25
129.13
-1.02
9.86
32.26
78.20
-53.02
-123.84
9.69
43.68
-15.10
-17.55
-13.67
20.26
40.86
111.66
-8.23
12.41
12.80
0.16
-74.15
75.71
-61.05
-120.77
0.99
19.44
8.02
-29.45
2.44
61.16
-96.19
39.71
15.72
16.14
8.28
-28.95
-58.63
-12.13
-8.69
40.66
29.09
101.54
39.70
-52.03
33.47
-86.08
31.62
-65.97
-50.78
44.54
-20.86
115.89
-7.11
4.15
-2.71
-104.76
-55.31
-27.04
55.72
43.97
0.27
4.41
28.28
-114.02
37.50
55.37
-34.52
-15.28
3.19
1.38
-11.00
-59.78
1.59
33.23
37.52
18.04
-21.68
-46.67
-10.90
-53.27
-88.01
13.26
-42.63
91.91
-22.74
6.87
-119.18
22.66
61.63
-6.48
18.75
-26.86
-34.33
-7.32
98.37
-19.06
92.72
-47.59
14.22
52.55
-22.24
-101.25
-13.60
9.48
-57.50
-37.21
-26.14
90.97
8.38
-113.14
-42.31
-47.73
-19.73
-29.45
-26.37
-71.33
-2.46
-8.58
-58.71
74.27
11.73
-48.54
-9.00
0.19
-83.93
34.10
-54.87
65.72
-12.88
-79.10
-28.05
0.31
-12.05
-91.48
-35.62
122.67
-26.37
-75.13
36.17
9.94
11.23
16.64
-74.09
-7.08
-53.31
53.46
121.26
-37.35
17.65
4.66
6.20
-58.59
-47.00
-56.58
58.84
96.50
-39.24
-81.63
22.81
-73.46
89.42
-97.97
46.18
-2.04
13.88
-11.33
114.82
-56.21
54.88
78.95
-74.45
49.14
-19.62
-36.69
-24.81
-14.41
-33.10
62.16
62.84
39.33
11.77
25.59
31.31
-45.73
-2.66
-119.68
35.83
-7.99
-32.78
-3.19
27.25
-24.71
-31.19
-95.16
78.15
57.38
-9.23
17.96
50.88
9.84
34.70
30.14
-36.09
-18.04
3.58
34.56
-57.22
54.23
-12.56
-49.40
55.29
0.38
18.35
-4.93
-6.29
111.67
-15.18
48.86
-66.31
2.44
-18.19
63.33
27.16
-93.24
36.70
-101.78
23.82
37.37
22.45
-90.68
11.77
64.31
60.03
-31.83
-14.85
35.91
48.25
5.94
35.53
51.06
-12.20
-34.27
-52.51
-64.49
68.52
-86.29
-47.51
-64.00
-19.20
65.06
-18.74
-62.49
10.62
-58.25
-54.85
31.25
-53.50
-42.57
-44.35
105.39
21.94
35.11
25.32
-78.75
-16.56
-66.64
35.39
-85.13
-24.44
73.27
-48.28
-4.02
-23.76
52.28
-19.13
29.11
-57.50
-38.48
-51.20
14.31
61.73
85.72
-136.43
31.43
-7.74
54.20
-56.17
44.57
50.97
-57.77
9.55
-90.77
91.75
-28.51
99.60
22.27
-37.54
-33.27
27.24
59.20
3.06
11.91
41.75
23.35
43.24
-22.87
-15.90
-46.71
50.05
13.32
53.64
39.29
34.33
26.24
4.56
12.12
-56.57
-25.41
-10.58
59.56
-9.51
-10.83
57.06
-60.34
-1.25
-16.17
-93.48
-5.69
-28.14
48.69
-45.85
28.93
-48.32
-13.27
7.21
-47.17
11.25
-35.57
31.49
-33.18
-8.06
-131.17
39.25
-16.78
10.81
-58.38
67.08
23.62
16.13
-69.85
-51.58
103.31
-26.05
-41.59
1.78
-32.51
-20.50
-20.35
-3.28
26.28
20.24
6.61
-27.43
-1.37
1.35
31.70
42.28
12.32
-62.30
-40.18
-16.79
-1.72
-20.22
32.37
-74.55
27.84
31.40
85.57
-117.03
-46.09
-15.73
1.00
-47.57
50.67
-53.61
6.10
30.82
-84.04
72.05
-107.42
12.41
-61.79
37.48
-2.32
1.66
-14.66
2.41
6.30
92.09
147.39
46.05
68.15
35.58
-37.26
-11.40
-20.24
-40.36
-160.65
98.30
-40.54
-50.80
-4.58
-3.65
-36.93
39.51
40.15
-118.81
9.82
15.18
-47.49
-10.51
-32.63
-48.84
20.59
19.31
27.84
-87.40
53.44
-28.01
-72.96
55.07
-47.05
-6.87
-0.80
73.09
-31.08
23.58
29.24
129.92
-53.66
30.62
49.03
-29.84
14.39
-66.20
9.00
-17.44
23.06
-23.33
74.81
48.26
19.69
-3.91
27.14
-9.02
-60.42
23.81
-13.34
14.65
5.43
-21.19
3.61
14.64
17.23
-29.57
-71.02
17.37
-16.91
43.84
49.57
7.75
70.21
-37.82
-14.57
-83.35
-0.36
63.89
0.08
36.40
-34.56
9.12
-124.77
22.71
42.89
41.10
9.02
23.65
-90.09
18.40
4.34
-11.82
-92.68
-53.04
-89.30
49.21
55.02
-13.78
-26.54
-45.60
-56.96
7.38
32.85
-1.06
12.89
107.83
72.22
-56.82
-102.96
-59.03
-3.97
18.64
-87.55
114.20
-4.04
-52.67
-79.87
-56.37
125.18
109.02
27.27
4.29
-51.38
50.59
-32.94
41.01
-10.63
21.29
28.96
51.62
-46.87
-29.32
-119.10
-8.02
-57.57
-14.37
43.17
31.95
7.53
59.83
17.88
28.76
-32.31
36.75
7.98
83.28
15.92
76.01
-30.42
10.88
0.99
18.45
-42.26
-25.17
58.33
-3.84
26.68
-33.45
74.89
57.35
-10.60
21.25
0.53
-40.39
15.93
8.69
18.73
12.43
47.80
-0.74
-10.00
42.01
44.38
-70.17
13.37
47.49
-3.36
-120.90
19.23
85.11
-51.67
27.81
-5.02
6.60
-13.95
-41.73
-64.63
-50.99
-40.20
64.13
-34.73
70.07
-70.39
9.76
7.54
-57.09
36.42
-29.41
-29.63
-39.63
58.04
61.16
-12.41
21.60
-4.27
-19.26
32.84
19.77
42.79
-19.40
16.58
-5.12
-50.19
-2.41
-15.26
-34.68
35.85
19.71
31.61
-30.61
60.53
13.05
-43.11
-4.32
57.76
-31.25
-12.37
-11.51
11.70
-5.63
25.46
48.74
-54.01
93.78
31.30
-71.91
63.20
-70.24
31.94
-30.60
37.40
-18.90
-29.39
-14.01
16.57
-2.63
-42.25
14.24
92.44
16.69
-19.09
-26.16
-92.06
-104.00
-10.86
37.31
30.82
30.06
-23.51
-53.09
108.06
-127.58
3.55
-17.07
34.39
64.81
-18.38
-39.09
-0.70
73.87
-17.81
8.31
0.40
-44.97
-26.25
43.33
-11.04
59.50
-94.26
-4.33
-51.69
100.46
-10.75
80.79
17.87
9.35
-29.70
49.87
30.95
-36.74
-28.76
-48.98
-79.35
69.58
45.35
-74.91
-83.78
-11.50
44.98
41.66
-6.63
-13.17
31.60
4.88
-88.78
-7.31
40.31
-31.80
-72.44
78.70
-54.19
30.80
37.33
83.50
18.22
42.12
111.81
24.26
-46.10
-58.67
-25.66
-1.78
29.14
20.45
-6.16
68.33
-82.30
35.86
53.41
-35.57
-32.83
64.47
-7.16
-72.92
55.68
58.75
26.86
40.03
-1.78
-71.26
22.74
-81.15
-10.21
7.69
-101.72
-78.25
3.92
-140.05
-49.89
51.61
37.40
61.20
38.15
21.09
43.29
14.26
4.07
-72.38
17.49
-11.28
-25.25
-67.70
4.72
62.83
6.69
50.03
-5.50
-25.30
38.83
43.64
-50.87
-25.61
37.71
-1.79
-31.64
29.65
25.64
111.55
23.50
29.26
-103.11
3.89
44.45
-80.78
57.95
85.06
19.13
-42.54
42.58
6.22
32.11
10.13
53.13
-54.42
106.23
19.16
-28.38
-40.54
-18.40
6.55
-80.70
-29.65
-27.17
-10.97
74.34
-3.93
13.06
4.21
30.97
-124.26
-29.51
-8.92
37.55
4.45
-33.28
-46.73
-12.17
40.42
-4.64
32.21
-41.66
64.60
50.32
22.37
17.11
-22.12
-7.29
50.07
-18.06
11.53
-62.03
-49.97
37.40
-19.97
0.61
-61.05
-8.71
10.65
-24.44
-40.79
25.20
-25.72
49.58
19.39
-95.35
-74.13
30.88
64.46
26.58
39.45
94.46
-26.42
63.33
15.36
-13.95
-105.65
-1.33
54.11
-11.65
-90.59
-10.88
12.89
-38.88
-18.77
-96.91
-58.43
83.56
-89.88
42.34
0.97
65.42
19.27
-44.72
-23.55
36.66
73.10
-22.24
51.12
-13.33
23.81
4.67
82.47
51.51
102.84
46.36
-22.22
21.55
79.84
-92.07
-43.37
-49.90
-37.52
50.97
19.96
-46.50
37.08
-21.69
93.15
-57.87
3.30
-100.81
7.65
42.52
63.94
-16.47
48.41
66.42
-2.27
56.40
3.53
54.15
-72.36
54.94
-68.82
25.59
-14.43
-60.41
11.24
17.73
-86.60
95.23
-47.34
27.14
31.05
74.72
57.00
18.65
4.54
13.62
1.57
-33.22
36.02
-41.26
79.14
115.44
-27.44
24.41
-6.58
41.27
-39.82
20.81
-14.78
6.92
-63.18
11.84
17.98
13.73
13.74
33.13
137.14
-30.16
-9.39
12.12
-44.02
-25.33
75.58
-144.96
-35.78
-17.06
-38.43
-98.03
-67.72
-97.74
29.47
-1.61
-48.79
-18.35
39.46
5.97
69.58
-31.73
-14.52
-8.18
56.02
-59.50
-16.03
9.14
-1.71
14.57
52.52
-34.61
74.24
-68.79
65.00
67.81
-35.83
-49.15
119.18
46.04
4.15
60.48
-51.26
-17.46
-89.25
31.68
101.74
17.40
8.84
5.93
-134.12
25.11
11.14
-50.65
-23.36
-122.33
-34.39
-57.01
-16.59
-23.05
-129.29
-14.92
-73.77
-39.21
43.08
-19.20
9.86
54.14
-26.49
61.74
-77.09
9.57
39.77
-14.80
-49.74
-35.13
29.87
-45.27
-42.76
-29.77
65.12
0.88
33.66
66.52
3.68
-13.86
10.99
-27.91
18.18
-1.13
14.49
-55.92
-2.92
-9.86
-89.46
60.24
160.44
-68.74
63.76
-53.79
3.72
34.92
24.62
-17.41
-89.96
-6.51
-8.86
30.29
11.15
53.56
48.10
-22.84
-13.94
15.26
-14.55
28.74
-11.41
4.18
-96.72
80.19
-100.89
-56.26
32.59
-50.88
14.96
23.20
3.61
79.19
39.16
9.32
14.64
49.09
-16.75
17.21
-30.32
35.29
13.59
70.72
1.21
2.61
38.80
-5.75
69.89
-92.21
22.60
53.57
-22.83
-34.10
-17.08
60.73
33.82
43.65
-120.72
-101.13
-21.04
-9.85
-1.91
81.04
27.62
56.22
-96.79
39.44
-26.57
-8.06
-5.80
32.39
66.78
63.35
16.75
-14.31
-54.65
54.24
13.39
-35.03
-11.23
17.52
5.86
-55.29
-9.81
-26.74
-11.49
19.19
-69.23
-16.24
-31.43
-49.94
-20.36
42.34
54.15
72.66
-129.98
41.38
2.36
17.62
65.87
47.28
-35.56
-21.24
-9.82
20.44
9.56
10.17
-18.06
26.04
-33.84
-39.43
-87.47
-6.74
36.70
9.87
-2.56
-76.02
-91.11
-46.90
-11.49
22.86
26.09
7.91
-49.80
-2.83
10.63
43.56
37.53
55.19
-101.11
59.04
13.50
20.96
-65.49
-40.28
-38.91
-45.75
-15.85
76.41
56.51
38.38
55.00
13.32
88.40
-33.28
3.96
6.19
6.36
-9.83
-4.28
92.78
-43.95
-21.91
53.82
41.10
-27.35
-22.87
-20.86
37.92
-23.03
0.36
20.14
-58.85
58.21
69.98
-95.39
-6.45
62.50
57.26
-47.53
-34.32
3.76
-20.87
20.46
-10.91
19.14
2.22
1.00
12.66
18.26
97.20
-63.46
51.00
-4.32
16.86
86.52
59.75
-72.86
-114.48
59.65
114.70
-6.88
83.11
60.75
-78.08
26.82
17.55
8.12
-47.80
-46.54
-26.06
54.57
39.90
-89.21
-15.53
-53.73
9.19
41.37
-12.68
-17.84
70.00
-45.18
6.40
-98.06
61.36
-83.97
-18.51
0.65
38.21
-27.46
25.72
-50.51
32.76
63.40
-26.41
-2.94
12.58
-32.42
78.12
-38.56
-9.09
-22.72
1.46
-71.13
25.76
-35.27
-68.16
-51.89
15.90
69.41
-41.01
38.37
37.10
27.03
-16.57
-51.87
2.24
46.83
40.24
-40.91
-103.10
-47.00
-14.70
-75.98
-50.53
-59.93
-19.54
-40.95
-2.91
-65.11
45.42
-1.75
-39.82
-98.69
-79.66
-29.73
129.97
48.19
-47.77
7.84
74.62
1.11
-47.18
16.08
63.50
60.69
54.60
-19.84
62.32
24.45
50.93
-26.12
-78.25
5.56
-16.60
-101.16
-37.77
122.28
27.95
-19.58
39.06
-72.80
-37.05
104.27
-7.03
-20.90
49.43
-84.75
42.56
-53.03
-58.46
-22.25
-49.92
-53.40
24.00
1.06
-93.95
52.98
61.11
-4.69
60.45
25.03
39.27
87.49
23.51
-33.98
-81.42
-47.90
11.06
38.93
-54.13
52.44
-83.42
21.92
59.00
-10.79
7.28
-5.16
44.99
19.75
48.31
2.71
51.58
-67.99
-38.85
-54.96
31.69
32.66
9.94
-15.33
-41.78
84.54
-26.60
14.45
-17.60
-39.76
24.75
57.20
-10.39
-63.14
-46.20
22.02
88.08
150.10
52.04
-44.36
-56.94
16.70
-6.48
-19.41
-43.79
79.42
13.67
9.68
-4.38
61.29
-5.83
26.66
47.09
-4.98
-16.70
0.69
-12.77
-74.48
-36.19
-27.11
0.31
-0.82
-41.49
28.28
9.67
21.80
28.54
-38.33
-40.83
29.70
-47.33
-0.83
-77.87
19.51
-48.07
73.24
-34.43
-34.92
-24.10
-6.93
39.46
-30.10
-72.45
-48.98
57.70
-27.55
-8.05
72.96
-0.33
-25.51
-8.49
-63.46
96.96
14.94
-24.12
-21.86
21.92
75.70
25.01
-31.06
-92.40
-26.10
1.12
-5.42
-21.19
-4.08
19.54
-4.55
43.18
21.06
-102.10
8.90
1.42
16.62
47.49
-58.31
-32.18
-44.58
-38.62
-6.25
-86.39
-64.46
31.86
-102.14
-7.98
-8.46
-103.06
10.43
31.84
17.15
-71.32
79.05
27.26
38.50
-43.10
128.66
-35.42
-5.43
-4.40
-17.29
-12.20
27.87
-26.93
9.84
-38.32
-61.31
-98.57
46.57
-100.85
-19.90
-7.48
8.71
-47.97
3.75
27.88
98.23
48.14
-12.32
-53.26
3.92
0.23
-24.84
-60.89
5.06
80.84
27.99
-35.66
25.25
8.94
-14.39
36.90
-9.27
-45.37
81.19
-28.57
66.12
32.04
-42.75
-19.12
31.31
35.10
-47.93
-14.73
75.30
-45.98
-14.52
107.17
-22.06
-36.28
-10.29
40.96
-44.56
27.01
-26.19
-48.24
27.04
-35.38
44.88
20.63
-5.76
52.44
11.53
-91.82
-45.74
-42.41
-129.73
-4.77
30.74
3.75
-80.22
-57.44
-13.83
-18.14
100.02
121.59
36.65
-22.86
45.63
59.20
14.18
-49.94
-3.33
130.37
-0.61
-26.27
44.04
19.07
22.33
7.35
53.56
-3.17
70.75
-31.13
29.75
-16.98
66.83
-74.32
0.14
2.12
10.56
35.13
-15.34
-22.54
-63.29
52.53
-52.60
-1.86
-55.72
-12.07
118.29
20.31
60.81
49.28
57.65
-45.25
-24.99
57.77
-44.64
-36.44
1.53
-25.32
-19.49
-68.38
-24.57
66.99
-38.56
84.74
8.89
25.37
-31.63
9.33
17.06
-81.11
13.50
-2.09
-5.18
4.22
74.13
26.23
47.21
35.70
-76.72
20.14
-36.58
31.70
-36.00
-41.43
11.06
9.30
10.44
-6.04
-4.52
84.69
-23.39
75.56
-37.83
47.49
-4.57
-152.52
-47.21
-5.12
42.04
39.92
-5.20
17.79
11.42
85.24
16.85
29.83
11.99
-6.31
144.23
105.79
-8.40
-69.24
-5.67
26.80
-2.27
-56.06
-31.04
-16.60
-21.05
42.20
-32.49
-9.19
-56.08
-22.88
42.85
-48.64
74.11
-78.27
-31.76
-23.75
18.82
58.68
-8.78
-82.82
6.28
-15.38
-86.90
69.83
-11.49
-0.85
32.51
-27.62
-3.57
-52.54
-28.31
-30.60
57.71
-83.70
-85.20
-28.19
-10.97
31.41
18.43
-7.30
6.72
60.39
-5.98
71.28
-66.30
29.28
70.77
62.46
109.41
96.64
-21.25
5.05
-60.58
3.19
62.49
3.35
-26.60
-64.52
22.23
62.59
-18.30
25.64
78.14
32.41
5.79
48.53
27.90
-2.22
-5.26
35.60
27.16
57.97
86.08
-5.71
-54.63
-15.19
68.65
-8.08
-35.40
10.62
-64.64
13.94
29.26
89.57
-17.64
30.70
-5.21
-23.16
13.08
39.05
-48.38
12.38
44.79
-4.17
-63.15
-22.63
2.26
-6.85
40.01
-8.45
19.01
69.42
-60.33
65.57
45.32
84.83
-23.01
0.81
-159.20
40.25
-12.18
-46.92
40.51
64.30
-53.03
32.89
4.67
31.20
99.66
21.55
-29.35
8.24
-34.53
-44.66
14.94
31.16
55.89
-36.44
-77.12
-39.33
-83.25
42.99
-31.16
-21.19
21.62
43.24
22.45
-19.81
56.92
-21.93
72.64
-82.32
12.90
114.17
-32.87
-15.25
66.13
1.21
-40.66
63.03
-58.96
-9.40
17.02
-23.91
-2.38
6.69
-93.37
-37.84
-23.93
77.60
-24.20
-92.67
-11.93
-29.28
-46.65
-14.21
33.16
61.95
-4.04
85.90
0.32
-52.86
71.61
-23.19
53.77
114.16
48.82
14.80
-28.06
-25.12
-46.12
-30.65
-66.18
-43.94
-13.34
-22.39
-28.87
-8.99
-20.58
67.30
8.35
-37.99
-6.35
52.51
-74.94
-44.19
25.53
-2.64
48.20
-53.53
-59.79
50.23
14.53
-80.42
-8.57
5.18
22.41
-8.23
43.34
80.30
69.57
-59.86
-9.15
-76.48
-48.42
16.24
-67.34
45.50
-39.34
51.88
-25.99
14.79
43.34
1.42
39.78
12.41
-77.39
91.19
-32.23
23.82
23.72
-21.54
25.35
-0.10
-9.21
-73.29
-4.03
16.55
69.49
-23.49
-23.46
-0.85
8.59
-8.98
29.96
-12.97
-15.29
-33.84
5.80
4.10
-57.79
12.85
-4.59
54.18
5.73
8.93
-14.34
30.38
37.59
13.66
-91.84
14.15
48.74
68.88
-52.66
-57.41
54.94
93.86
-75.56
-21.45
29.98
-44.55
61.51
52.32
-37.18
19.89
-29.31
-6.14
-71.87
8.78
-10.49
74.11
-31.28
-77.37
-13.14
83.77
-100.26
18.67
0.46
-32.83
106.90
-47.22
-15.20
1.94
-12.08
7.40
88.04
94.48
-85.20
39.05
-24.80
67.89
70.31
6.03
51.00
30.24
-51.67
-8.44
36.20
-52.13
8.65
-51.12
102.84
69.30
-7.49
-10.53
-39.30
-47.80
7.81
28.98
50.75
-27.20
-61.70
89.59
-68.74
-67.57
14.82
-13.56
106.08
18.94
41.59
-2.80
11.22
-20.53
7.50
-55.98
28.28
-25.03
12.36
30.85
108.34
27.69
-64.54
-42.46
25.02
1.40
68.99
-85.99
9.97
25.40
-12.66
68.72
16.99
-154.57
-43.61
8.71
56.99
-3.32
-11.59
-60.43
30.34
-116.98
2.37
56.74
-15.95
-63.79
-78.20
67.20
-32.24
-6.34
0.20
-22.45
12.95
7.13
33.12
15.43
-6.05
-22.32
71.43
3.05
4.17
12.06
-55.01
89.36
-100.62
92.21
-20.99
16.03
-41.79
64.16
163.65
-92.08
53.78
79.22
-30.99
-17.98
-39.35
27.97
42.23
-9.85
-9.22
36.88
-76.20
33.07
-78.82
37.59
50.14
-28.97
-19.47
35.56
5.12
47.80
96.89
-7.47
-16.22
72.04
-109.72
29.56
91.22
-13.81
-66.33
82.15
-23.26
-41.77
-28.58
53.09
-8.01
33.28
69.79
-5.48
50.14
49.34
19.97
2.65
60.24
-14.44
-106.70
-22.30
73.13
-59.47
-44.46
-12.16
-48.50
86.39
-96.04
66.79
-2.30
19.57
-11.07
7.86
-116.98
-70.19
-24.24
41.28
-67.36
45.25
57.43
-9.63
-17.54
-47.22
136.61
-47.08
-7.84
33.25
69.61
103.10
27.92
8.81
-34.16
-49.39
-137.33
-14.08
-25.53
-116.96
-75.17
-8.83
54.82
-43.43
32.37
-17.07
-31.09
-42.99
18.45
-78.45
-51.29
47.01
3.19
-2.65
0.11
-28.42
28.84
36.67
-22.47
58.88
39.52
15.58
-3.48
-108.63
-96.42
-28.70
19.23
28.14
7.71
-4.46
36.31
2.85
113.95
48.63
6.69
36.15
9.02
2.14
65.46
-29.05
-35.48
19.03
-24.55
-36.35
-1.88
75.79
0.43
4.61
-70.70
75.89
39.57
-8.59
99.97
20.33
-29.60
-40.59
21.28
86.66
-3.50
7.20
58.49
-36.54
-14.62
-82.17
45.28
-4.08
-1.83
-59.06
-59.14
-39.21
-52.22
-9.39
47.31
10.29
52.32
-69.73
2.85
-35.96
59.93
48.23
46.37
-68.39
-7.02
24.58
-26.86
-41.87
-27.91
-0.15
20.02
18.30
-30.40
55.74
46.00
41.44
-34.35
18.80
11.54
112.48
-6.37
60.10
33.14
-114.77
33.99
-2.30
45.37
-60.27
20.82
-42.24
109.53
35.19
41.86
48.40
10.28
16.98
11.08
58.71
-11.43
-23.11
-6.52
41.34
-7.71
-19.72
-7.77
107.46
-44.03
-81.93
-17.94
80.47
-38.21
76.24
1.01
51.71
48.61
102.34
30.15
31.54
-27.27
56.27
-68.73
-63.34
